minimum  : 26.71458 
percent10: 59.90271 
quartile1: 75.66267 
median   : 83.44688 
mean     : 79.89845 
quartile3: 89.05095 
percent90: 92.49694 
maximum  : 100.0000 
range    : 73.28542 
stdev    : 13.3536 
missing  : 0.0000 
